/*
 * intensity.h
 *
 *  Created on: 2013-11-10
 *      Author: Anthony
 */

//#ifndef INTENSITY_H_
//#define INTENSITY_H_

static const int intensity_profile[1440] = {
		0,
		0,
		0,
		0,
		0,
		0,
		0,
		0,
		0,
		0,
		0,
		0,
		0,
		0,
		0,
		0,
		0,
		0,
		0,
		0,
		0,
		0,
		0,
		0,
		0,
		0,
		0,
		0,
		0,
		0,
		0,
		0,
		0,
		0,
		0,
		0,
		0,
		0,
		0,
		0,
		0,
		0,
		0,
		0,
		0,
		0,
		0,
		0,
		0,
		0,
		0,
		0,
		0,
		0,
		0,
		0,
		0,
		0,
		0,
		0,
		0,
		0,
		0,
		0,
		0,
		0,
		0,
		0,
		0,
		0,
		0,
		0,
		0,
		0,
		0,
		0,
		0,
		0,
		0,
		0,
		0,
		0,
		0,
		0,
		0,
		0,
		0,
		0,
		0,
		0,
		0,
		0,
		0,
		0,
		0,
		0,
		0,
		0,
		0,
		0,
		0,
		0,
		0,
		0,
		0,
		0,
		0,
		0,
		0,
		0,
		0,
		0,
		0,
		0,
		0,
		0,
		0,
		0,
		0,
		0,
		0,
		0,
		0,
		0,
		0,
		0,
		0,
		0,
		0,
		0,
		0,
		0,
		0,
		0,
		0,
		0,
		0,
		0,
		0,
		0,
		0,
		0,
		0,
		0,
		0,
		0,
		0,
		0,
		0,
		0,
		0,
		0,
		0,
		0,
		0,
		0,
		0,
		0,
		0,
		0,
		0,
		0,
		0,
		0,
		0,
		0,
		0,
		0,
		0,
		0,
		0,
		0,
		0,
		0,
		0,
		0,
		0,
		0,
		0,
		0,
		0,
		0,
		0,
		0,
		0,
		0,
		0,
		0,
		0,
		0,
		0,
		0,
		0,
		0,
		0,
		0,
		0,
		0,
		0,
		0,
		0,
		0,
		0,
		0,
		0,
		0,
		0,
		0,
		0,
		0,
		0,
		0,
		0,
		0,
		0,
		0,
		0,
		0,
		0,
		0,
		0,
		0,
		0,
		0,
		0,
		0,
		0,
		0,
		0,
		0,
		0,
		0,
		0,
		0,
		0,
		0,
		0,
		0,
		0,
		0,
		0,
		0,
		0,
		0,
		0,
		0,
		0,
		0,
		0,
		0,
		0,
		0,
		0,
		0,
		0,
		0,
		0,
		0,
		0,
		0,
		0,
		0,
		0,
		0,
		0,
		0,
		0,
		0,
		0,
		0,
		0,
		0,
		0,
		0,
		0,
		0,
		0,
		0,
		0,
		0,
		0,
		0,
		0,
		0,
		0,
		0,
		0,
		0,
		0,
		0,
		0,
		0,
		0,
		0,
		0,
		0,
		0,
		0,
		0,
		0,
		0,
		0,
		0,
		0,
		0,
		0,
		0,
		0,
		0,
		0,
		0,
		0,
		0,
		0,
		0,
		0,
		0,
		0,
		0,
		0,
		0,
		0,
		0,
		0,
		0,
		0,
		0,
		0,
		0,
		0,
		0,
		0,
		0,
		0,
		0,
		0,
		0,
		0,
		0,
		0,
		0,
		0,
		0,
		0,
		0,
		0,
		0,
		0,
		0,
		0,
		0,
		0,
		0,
		0,
		0,
		1,
		1,
		1,
		1,
		1,
		1,
		1,
		1,
		1,
		1,
		1,
		1,
		1,
		1,
		1,
		1,
		1,
		1,
		1,
		1,
		1,
		1,
		2,
		2,
		2,
		2,
		2,
		2,
		2,
		2,
		2,
		2,
		2,
		2,
		2,
		3,
		3,
		3,
		3,
		3,
		3,
		3,
		3,
		3,
		3,
		4,
		4,
		4,
		4,
		4,
		4,
		4,
		4,
		5,
		5,
		5,
		5,
		5,
		5,
		6,
		6,
		6,
		6,
		6,
		6,
		7,
		7,
		7,
		7,
		7,
		8,
		8,
		8,
		8,
		8,
		9,
		9,
		9,
		9,
		10,
		10,
		10,
		11,
		11,
		11,
		11,
		12,
		12,
		12,
		13,
		13,
		13,
		14,
		14,
		14,
		15,
		15,
		15,
		16,
		16,
		17,
		17,
		17,
		18,
		18,
		19,
		19,
		19,
		20,
		20,
		21,
		21,
		22,
		22,
		23,
		23,
		24,
		24,
		25,
		26,
		26,
		27,
		27,
		28,
		28,
		29,
		30,
		30,
		31,
		32,
		32,
		33,
		34,
		34,
		35,
		36,
		36,
		37,
		38,
		39,
		39,
		40,
		41,
		42,
		43,
		43,
		44,
		45,
		46,
		47,
		48,
		49,
		49,
		50,
		51,
		52,
		53,
		54,
		55,
		56,
		57,
		58,
		59,
		60,
		61,
		62,
		63,
		64,
		65,
		66,
		68,
		69,
		70,
		71,
		72,
		73,
		74,
		76,
		77,
		78,
		79,
		80,
		82,
		83,
		84,
		85,
		87,
		88,
		89,
		91,
		92,
		93,
		95,
		96,
		97,
		99,
		100,
		101,
		103,
		104,
		106,
		107,
		108,
		110,
		111,
		113,
		114,
		116,
		117,
		119,
		120,
		122,
		123,
		125,
		126,
		128,
		129,
		131,
		132,
		134,
		135,
		137,
		138,
		140,
		141,
		143,
		144,
		146,
		148,
		149,
		151,
		152,
		154,
		155,
		157,
		158,
		160,
		162,
		163,
		165,
		166,
		168,
		169,
		171,
		172,
		174,
		176,
		177,
		179,
		180,
		182,
		183,
		185,
		186,
		188,
		189,
		191,
		192,
		193,
		195,
		196,
		198,
		199,
		201,
		202,
		203,
		205,
		206,
		208,
		209,
		210,
		212,
		213,
		214,
		215,
		217,
		218,
		219,
		220,
		222,
		223,
		224,
		225,
		226,
		227,
		229,
		230,
		231,
		232,
		233,
		234,
		235,
		236,
		237,
		238,
		239,
		239,
		240,
		241,
		242,
		243,
		244,
		244,
		245,
		246,
		247,
		247,
		248,
		249,
		249,
		250,
		250,
		251,
		251,
		252,
		252,
		253,
		253,
		254,
		254,
		254,
		255,
		255,
		255,
		255,
		256,
		256,
		256,
		256,
		256,
		256,
		256,
		256,
		257,
		256,
		256,
		256,
		256,
		256,
		256,
		256,
		256,
		255,
		255,
		255,
		255,
		254,
		254,
		254,
		253,
		253,
		252,
		252,
		251,
		251,
		250,
		250,
		249,
		249,
		248,
		247,
		247,
		246,
		245,
		244,
		244,
		243,
		242,
		241,
		240,
		239,
		239,
		238,
		237,
		236,
		235,
		234,
		233,
		232,
		231,
		230,
		229,
		227,
		226,
		225,
		224,
		223,
		222,
		220,
		219,
		218,
		217,
		215,
		214,
		213,
		212,
		210,
		209,
		208,
		206,
		205,
		203,
		202,
		201,
		199,
		198,
		196,
		195,
		193,
		192,
		191,
		189,
		188,
		186,
		185,
		183,
		182,
		180,
		179,
		177,
		176,
		174,
		172,
		171,
		169,
		168,
		166,
		165,
		163,
		162,
		160,
		158,
		157,
		155,
		154,
		152,
		151,
		149,
		148,
		146,
		144,
		143,
		141,
		140,
		138,
		137,
		135,
		134,
		132,
		131,
		129,
		128,
		126,
		125,
		123,
		122,
		120,
		119,
		117,
		116,
		114,
		113,
		111,
		110,
		108,
		107,
		106,
		104,
		103,
		101,
		100,
		99,
		97,
		96,
		95,
		93,
		92,
		91,
		89,
		88,
		87,
		85,
		84,
		83,
		82,
		80,
		79,
		78,
		77,
		76,
		74,
		73,
		72,
		71,
		70,
		69,
		68,
		66,
		65,
		64,
		63,
		62,
		61,
		60,
		59,
		58,
		57,
		56,
		55,
		54,
		53,
		52,
		51,
		50,
		49,
		49,
		48,
		47,
		46,
		45,
		44,
		43,
		43,
		42,
		41,
		40,
		39,
		39,
		38,
		37,
		36,
		36,
		35,
		34,
		34,
		33,
		32,
		32,
		31,
		30,
		30,
		29,
		28,
		28,
		27,
		27,
		26,
		26,
		25,
		24,
		24,
		23,
		23,
		22,
		22,
		21,
		21,
		20,
		20,
		19,
		19,
		19,
		18,
		18,
		17,
		17,
		17,
		16,
		16,
		15,
		15,
		15,
		14,
		14,
		14,
		13,
		13,
		13,
		12,
		12,
		12,
		11,
		11,
		11,
		11,
		10,
		10,
		10,
		9,
		9,
		9,
		9,
		8,
		8,
		8,
		8,
		8,
		7,
		7,
		7,
		7,
		7,
		6,
		6,
		6,
		6,
		6,
		6,
		5,
		5,
		5,
		5,
		5,
		5,
		4,
		4,
		4,
		4,
		4,
		4,
		4,
		4,
		3,
		3,
		3,
		3,
		3,
		3,
		3,
		3,
		3,
		3,
		2,
		2,
		2,
		2,
		2,
		2,
		2,
		2,
		2,
		2,
		2,
		2,
		2,
		1,
		1,
		1,
		1,
		1,
		1,
		1,
		1,
		1,
		1,
		1,
		1,
		1,
		1,
		1,
		1,
		1,
		1,
		1,
		1,
		1,
		1,
		0,
		0,
		0,
		0,
		0,
		0,
		0,
		0,
		0,
		0,
		0,
		0,
		0,
		0,
		0,
		0,
		0,
		0,
		0,
		0,
		0,
		0,
		0,
		0,
		0,
		0,
		0,
		0,
		0,
		0,
		0,
		0,
		0,
		0,
		0,
		0,
		0,
		0,
		0,
		0,
		0,
		0,
		0,
		0,
		0,
		0,
		0,
		0,
		0,
		0,
		0,
		0,
		0,
		0,
		0,
		0,
		0,
		0,
		0,
		0,
		0,
		0,
		0,
		0,
		0,
		0,
		0,
		0,
		0,
		0,
		0,
		0,
		0,
		0,
		0,
		0,
		0,
		0,
		0,
		0,
		0,
		0,
		0,
		0,
		0,
		0,
		0,
		0,
		0,
		0,
		0,
		0,
		0,
		0,
		0,
		0,
		0,
		0,
		0,
		0,
		0,
		0,
		0,
		0,
		0,
		0,
		0,
		0,
		0,
		0,
		0,
		0,
		0,
		0,
		0,
		0,
		0,
		0,
		0,
		0,
		0,
		0,
		0,
		0,
		0,
		0,
		0,
		0,
		0,
		0,
		0,
		0,
		0,
		0,
		0,
		0,
		0,
		0,
		0,
		0,
		0,
		0,
		0,
		0,
		0,
		0,
		0,
		0,
		0,
		0,
		0,
		0,
		0,
		0,
		0,
		0,
		0,
		0,
		0,
		0,
		0,
		0,
		0,
		0,
		0,
		0,
		0,
		0,
		0,
		0,
		0,
		0,
		0,
		0,
		0,
		0,
		0,
		0,
		0,
		0,
		0,
		0,
		0,
		0,
		0,
		0,
		0,
		0,
		0,
		0,
		0,
		0,
		0,
		0,
		0,
		0,
		0,
		0,
		0,
		0,
		0,
		0,
		0,
		0,
		0,
		0,
		0,
		0,
		0,
		0,
		0,
		0,
		0,
		0,
		0,
		0,
		0,
		0,
		0,
		0,
		0,
		0,
		0,
		0,
		0,
		0,
		0,
		0,
		0,
		0,
		0,
		0,
		0,
		0,
		0,
		0,
		0,
		0,
		0,
		0,
		0,
		0,
		0,
		0,
		0,
		0,
		0,
		0,
		0,
		0,
		0,
		0,
		0,
		0,
		0,
		0,
		0,
		0,
		0,
		0,
		0,
		0,
		0,
		0,
		0,
		0,
		0,
		0,
		0,
		0,
		0,
		0,
		0,
		0,
		0,
		0,
		0,
		0,
		0,
		0,
		0,
		0,
		0,
		0,
		0,
		0,
		0,
		0,
		0,
		0,
		0,
		0,
		0,
		0,
		0,
		0,
		0,
		0,
		0,
		0,
		0,
		0,
		0,
		0,
		0,
		0,
		0,
		0,
		0,
		0,
		0,
		0,
		0,
		0,
		0,
		0,
		0,
		0,
		0,
		0,
		0,
		0,
		0,
		0,
		0,
		0,
		0,
		0,
		0,
		0,
		0,
		0,
		0,
		0,
		0,
		0,
		0,
		0,
		0,
		0,
		0,
		0,
		0,
		0,
		0,
		0,
		0,
		0,
		0,
		0,
		0,
		0,
		0,
		0,
		0,
		0,
		0,
		0,
		0,
		0,
		0,
		0,
		0,
		0,
		0,
		0,
		0,
		0,
		0,
		0,
		0,
		0,
		0,
		0,
		0,
		0,
		0,
		0,
		0,
		0,
		0,
		0,
		0,
		0,
		0,
		0,
		0,
		0,
		0,
		0,
		0,
		0,
		0,
		0,
		0,
		0,
		0,
		0,
		0,
		0,
		0,
		0,
		0,
		0,
		0,
		0,
		0,
		0,
		0,
		0,
		0,
		0,
		0,
		0,
		0,
		0,
		0,
		0,
};


//#endif /* INTENSITY_H_ */
